0235593869
0929928593
0104215811
0522176386
0469569217
0295717414
0189533836
0354631410
0105872579
0348667817
0379448634
0490956729
0277884563
0819146858
0155594046
0862874795
0316362871
0190254456
0523861988
0926998576
0885890347
0250506310
0583089981
0735995605
0405724680
0177309080
0855312784
0877728411
0427953560
0138901913
0528655147
0303297455
0940487207
0688473410
0247634535
0902509846
0960174946
0938323135
0922458782
0201020412
0882210611
0844222220
0518845369
0347238570
0155996135
0900537671
0732954968
0829067929
0564761171
0345220025
0652223685
0910642583
0496490560
0100414233
0952194757
0507446928
0807090642
0229238879
0681891647
0117591753
0694081662
0396656673
0556319435
0362517916
0517457414
0685122222
0652386083
0846586981
0738177391
0455132253
0868497407
0431356801
0590537338
0239414256
0483033542
0621674530
0359318067
0684834963
0266177391
0651270446
0225645943
0785323397
0497781366
0597771870
0159793400
0770963545
0565753913
0582936414
0355530233
0983795614
0921034802
0281439082
0314629440
0474511201
0770262210
0267971527
0143796442
0152317842
0186714892
0288834610
0293649777
0668338209
0869590704
0683963355
0754971113
0144333790
0914496293
0130635013
0207477740
0484409900
0118612301
0742090677
0457515750
0216561031
0643477873
0332946497
0592218823
0381227771
0185595540
0247471852
0396600487
0137681995
0937869234
0647680330
0171193774
0718259365
0674368142
0686824342
0595664839
0347436227
0257054600
0550308970
0597194832
0757505685
0523704563
0374685402
0634681778
0641808817
0204617012
0445141745
0734292596
0567900565
0342966136
0267221863
0119708889
0860008975
0770906492
0442703288
0593777129
0530458952
0965243129
0530434386
0502754103
0160044580
0405957591
0907131640
0594372056
0475423584
0832582346
0171783928
0255428375
0580809466
0981783981
0304845735
0705749319
0704882865
0383439203
0710935132
0510968487
0366377492
0147522631
0330177088
0701039325
0265442907
0501381851
0865310787
0289213592
0972642698
0914232752
0950326257
0299586209
0502203663
0972964281
0559485294
0641340663
0343110954
0972822051
0234227997
0870087266
0814178523
0680462558
0789667208
0828942520
0373981827
0915238961
0718796976
0808699794
0420184490
0588502213
0318964978