763227435
365478461
226606731
924076637
567639926
398301267
780188926
585206157
759971790
812455599
904185574
601919909
574735701
653536598
684377483
879171690
899768580
621404237
710991587
757525586
349768089
397087826
782788145
921145181
741225885
359826257
410213391
384011721
342181726
227338214
783913421
761234112
947082045
939273534
759192587
754038968
863707695
932488376
782711081
991126532
980910300
817269569
858472109
985661097
785313605
897770963
952501373
987766237
921934242
975133413
728311940
782933018
782911845
742124638
780098452
736472836
782011321
247974929
724547260
729001040
782933804
783911709
792733131
738198423
189384908
368490283
478390183
758492380
371839403
538018098
837381738
373849183
183948048
189097493
391038394
180909389
684927123
183018374
888193731
891831371
837491031
381938493
391018301
301839183
183941931
938137431
383401384
383949134
843743637
383410903
493098004
383841312
383918391
537841341
898987840
398090473
381927482
463738183
374837123
473813743
865508474
420482191
302615346
782885390
206040091
992505332
907267945
865121905
175118345
792686354
128062619
609412968
425107310
651868910
538322932
359220239
306260926
666888665
401331391
580513131
278258138
395668497
938307900
284668963
291517902
810555748
327679656
859546300
176437893
792985840
879857003
695638973
972158454
252111387
663828479
381426963
153954258
651333841
158124317
884708714
456949576
505467295
944267714
734007165
917352261
240635312
410701292
522364576
712625704
356256709
518870079
437013375
195882049
896643848
621582422
158744750
400036822
956533295
899211552
334468146
412454567
255821478
521385067
281410719
113573002
322198797
953472072
881790321
921110390
817446282
794096714
665985669
887987470
902601827
787231227
855783751
930472082
436611321
293938208
972849563
728645459
510589494
288795615
808382754
243034593
361717296
694264800
919755565
188209750
534833127
422748665
298597327
728304177
542510348
363768557
718718439
406262189
981585264
837930902
293134513