500778264
901020025
568451719
454713887
499983030
831117263
600647865
916540909
492204867
121094546
705293046
248017136
560932983
352233761
868887614
391077322
494974790
603525670
171990956
529785577
807516661
526472312
637119884
350410160
780054139
918750576
653721572
427760744
217416215
142033806
194658099
323101105
330143916
938468580
227007395
979819704
362739573
881728183
713909144
698351574
260782765
852209635
933460113
959218924
917158629
483276993
218476285
540657341
777442754
241069907
171804328
265509118
227912620
311114040
786560462
687961826
899014440
139702768
421671903
526652828
588017337
761184126
926540509
814917178
502766229
677579301
323954425
582374392
857228943
824566424
657307151
971527271
218386646
645992766
954191116
492524743
282663664
779112155
662078781
613164676
288737749
916113269
343227574
514024551
941106870
720871869
541813444
832532278
302990098
798784214
778832044
352601122
284674901
530906631
145064053
868154742
993179668
980327583
727157544
526124814
432191142
503177948
894415544
615094423
180993000
815608641
405299992
787461392
626414594
303655050
696309712
641363959
961585446
204053839
480646604
554757210
832816127
375222878
243285415
324618593
655683102
496539344
261598098
297073690
233373965
347418818
517661730
279267689
394551300
881066104
188692296
378843516
368861090
787803437
861247883
355254656
757968824
250694248
324045866
311065017
683096572
631770816
975662774
711978315
663124502
557208765
981475380
690484925
222633134
627604304
662292144
359716219
924574784
765099804
306325338
552463717
800908589
244694003
222022240
227577942
794290560
964885496
725142127
863218332
935889188
603943938
212666579
261460635
901931696
871471582
851999507
210469587
314676792
433841220
373113718
722145517
459932718
266575872
327169948
973744797
982996814
722325913
412112497
298118831
820205362
277578252
841614189
922251828
568594453
179044988
248500475
758811684
135930122
162935556
156316543
521574813
625345002
289240459
178570007
540619679
0
0
0
0
0
0
0
0
0
0
0
0
0
0
0
0
0
0
0
0
0
0
0
0
0
0
0
0
0
0
0
0
0
0
0
0
0
0
0
0
0
0
0
0
0
0
0
0
0
0
0
0
0
0
0
0
0
0
0
0
0
0
0
0
0
0
0
0
0
0
0
0
0
0
0
0
0
0
0
0
0
0
0
0
0
0
0
0
0
0
0
0
0
0
0
0
0
0
0
0
0
0
0
0
0
0
0
0
0
0
0
0
0
0
0
0
0
0
0
0
0
0
0
0
0
0
0
0
0
0
0
0
0
0
0
0
0
0
0
0
0
0
0
0
0
0
0
0
0
0
0
0
0
0
0
0
0
0
0
0
0
0
0
0
0
0
0
0
0
0
0
0
0
0
0
0
0
0
0
0
0
0
0
0
0
0
0
0
0
0
0
0
0
0
0
0
0
0
0
0
0
0
0
0
0
0
0
0
0
0
0
0
0
0
0
0
0
0
0
0
0
0
0
0
0
0
0
0
0
0
0
0
0
0
0
0
0
0
0
0
0
0
0
0
0
0
0
0
0
0
0
0
0
0
0
0
0
0
0
0
0
0
0
0
0
0
0
0
0
0
0
0
0
0
0
0
0
0
0
0
0
0
0
0
0
0
0
0
0
0
0
0
0
0
0
0
0
0
0
0