0117591753
0694081662
0396656673
0556319435
0362517916
0517457414
0685122222
0652386083
0846586981
0384186842
0455132253
0868497407
0431356801
0590537338
0239414256
0483033542
0621674530
0359318067
0684834963
0266177391
0651270446
0225645943
0785323397
0497781366
0597771870
0159793400
0770963545
0565753913
0582936414
0355530233
0983795614
0921034802
0281439082
0314629440
0474511201
0770262210
0267971527
0143796442
0152317842
0186714892
0288834610
0293649777
0668338209
0869590704
0683963355
0754971113
0144333790
0914496293
0130635013
0207477740
0484409900
0118612301
0742090677
0457515750
0216561031
0643477873
0332946497
0592218823
0381227771
0185595540
0247471852
0396600487
0137681995
0937869234
0647680330
0171193774
0718259365
0674368142
0686824342
0595664839
0347436227
0257054600
0550308970
0597194832
0757505685
0523704563
0374685402
0634681778
0641808817
0204617012
0445141745
0734292596
0567900565
0342966136
0267221863
0119708889
0860008975
0770906492
0442703288
0593777129
0530458952
0965243129
0530434386
0502754103
0160044580
0405957591
0907131640
0594372056
0475423584
0832582346
0171783928
0255428375
0580809466
0981783981
0304845735
0705749319
0704882865
0383439203
0710935132
0510968487
0366377492
0147522631
0330177088
0701039325
0265442907
0501381851
0865310787
0289213592
0972642698
0914232752
0950326257
0299586209
0502203663
0972964281
0559485294
0641340663
0343110954
0972822051
0234227997
0870087266
0814178523
0680462558
0789667208
0828942520
0373981827
0915238961
0718796976
0808699794
0420184490
0588502213
0318964978
0985364978
0710882106
0529069833
0288248439
0928920932
0610897930
0139160052
0179130839
0151664092
0130722813
0557902200
0875521989
0866712811
0407214582
0114568004
0510032305
0135100549
0317707940
0875370797
0961502427
0615456159
0989497012
0359380380
0268101666
0971420561
0842522235
0465247351
0292176993
0194204701
0706737575
0533243236
0779457805
0661063003
0153726068
0377713087
0122756426
0452712671
0919108877
0730071510
0113394649
0516097492
0723718551
0387508580
0297787871
0238929616
0482929584
0800939365
0140819899
0788032879
0713851988
0746321614
0920731760
0487990543
0464851322
0995167217
0364449209
0802190473
0967725620
0199552453