0117591753
0694081662
0396656673
0556319435
0362517916
0517457414
0685122222
0652386083
0846586981
0384186842
0455132253
0868497407
0431356801
0590537338
0239414256
0483033542
0621674530
0359318067
0684834963
0266177391
0651270446
0225645943
0785323397
0497781366
0597771870
0159793400
0770963545
0565753913
0582936414
0355530233
0983795614
0921034802
0281439082
0314629440
0474511201
0770262210
0267971527
0143796442
0152317842
0186714892
0288834610
0293649777
0668338209
0869590704
0683963355
0754971113
0144333790
0914496293
0130635013
0207477740
0484409900
0118612301
0742090677
0457515750
0216561031
0643477873
0332946497
0592218823
0381227771
0185595540
0247471852
0396600487
0137681995
0937869234
0647680330
0171193774
0718259365
0674368142
0686824342
0595664839
0347436227
0257054600
0550308970
0597194832
0757505685
0523704563
0374685402
0634681778
0641808817
0204617012
0445141745
0734292596
0567900565
0342966136
0267221863
0119708889
0860008975
0770906492
0442703288
0593777129
0530458952
0965243129
0530434386
0502754103
0160044580
0405957591
0907131640
0594372056
0475423584
0832582346