1091912
1090821
1090822
1090823
1090829
1091914
1090831
1090860
1090897
1090903
1091916
1090913
1090916
1090928
1090934
1090941
1091922
1090950
1090954
1090960
1091923
1090964
1090965
1090971
1090974
1091930
1090977
1090979
1090982
1090987
1090989
1090992
1090995
1090999
1091003
1091004
1091007
1091010
1091015
1091016
1091018
1091020
1091931
1091011
1091019
1091023
1091024
1091026
1091031
1091033
1091039
1091040
1091041
1091043
1091044
1091085
1091086
1091087
1091088
1091090
1091094
1091095
1091096
1091097
1091098
1091104
1091106
1091107
1091109
1091110
1091116
1091118
1091123
1091124
1091125
1091134
1091135
1091138
1091139
1091140
1091148
1091150
1091151
1091153
1091155
1091164
1091165
1091166
1091167
1091170
1091214
1091217
1091218
1091220
1091221
1091270
1091272
1091273
1091321
1091325
1091354
1091355
1091356
1091357
1091358
1091363
1091364
1091366
1091367
1091368
1091412
1091415
1091416
1091417
1091418
1091435
1091436
1091438
1091439
1091441
1091453
1091454
1091455
1091457
1091458
1091473
1091474
1091476
1091477
1091478
1091503
1091504
1091505
1091506
1091507
1091533
1091534
1091535
1091536
1091537
1091552
1091554
1091555
1091557
1091558
1091559
1091564
1091565
1091568
1091569
1091615
1091616
1091617
1091619
1091620
1091624
1091626
1091627
1091628
1091629
1091640
1091641
1091643
1091644
1091645
1091657
1091658
1091661
1091664
1091665
1091679
1091680
1091682
1091685
1091686
1091715
1091716
1091718
1091720
1091721
1091737
1091738
1091740
1091741
1091742
1091763
1091764
1091767
1091768
1091772
1091868
1091869
1091870
1091871
1091888
1091889
1091890
1091895
1091897
1091898