782911031
401415141
137687229
337272762
208645139
143524507
308898128
183874444
699630307
996490849
306004510
740816677
322496459
435743393
772048392
561285604
847969164
161093341
980426154
325307077
625277426
482104981
662582367
508647800
301018585
923694809
513119017
760388304
814532208
821370543
653556462
922883667
375581354
396256247
667460524
503583941
613053178
610082208
139456510
367162369
596257214
291547648
731146715
917998200
616970415
374470052
136581730
705668727
541017199
584438695
717923446
837899158
609583079
814727375
135472659
732060482
143693936
242468983
653248752
632275752
537274898
113887223
176063268
880530594
687770318
896058454
192899035
330198652
644501642
366992618
634843941
149526376
121629903
297340312
693379455
302595916
290225616
612673926
445242029
430579691
446339965
494285315
999450198
584881448
829715981
466039381
552167703
867796157
776246671
621438891
122953707
441195814
609412968
637918516
368821102
520405465
291058185
597307526
671432104
359220239