34568888880457
34568888880477
34568888881474
34568888881827
34568888882694
34568888882788
34568888887263
34568888887858
34569999990380
34569999994028
34569999997690
34569999998339
45672222220780
45673333330526
45673333330982
45673333330988
45676666660711
45676666660861
45676666664124
45679999993952
56787777773475
56787777773714
56787777779962
0272426643169
0456183319907
0477724649916
0527678486006
0597609769494
0609039763195
0619473769197
0708646673491
0756282864019
0829949673169
0911939379914
0948013756184
0991040676469
1337496763196
2988876739006
3046654639706
3477689731963
6269229766114
7771374631999
9157533169946
23452222228456
23453333335524
23454444446273
23454444446956
23457777772264
23457777772587
23457777773145
23457777775105
23458888882532
23458888882546
23458888882664
23458888882805
23458888883568
23458888886499
23458888887045
23458888887737
23459999994367
23459999996467
23459999996669
23459999996998
34561111112088
34561111113633
34561111114258
34561111115034
34562222223341
34562222224371
34562222227036
34562222229964
34563333332301
34563333335576
34564444440218
34564444441685
34564444441935
34564444447319
34564444447748
34564444449848
34565555551095
34565555551699
34565555553364
34565555554525
34565555556540
34565555558581
34565555558692
34565555559205
34568888882234
34568888884787
34568888885639
34568888886196
34569999995242
34569999998354
45671111115184
45673333330668
45673333338105
45676666663061
45676666664689
45676666665154
45676666665926
45676666667650
45676666667768
45676666667911
56787777772753
56787777778146
0868917628
0101393769435
0211346736491
0240785916432
0241054903333
0242885107642
0350426286436
0363351763795
0415518067641
0422202673692
0459408113465
0573322693469
0683580673949
0734868593469
0766386539999
0809955155269
0827361463764
0827924469865
0856578023451
0926908116698
12341111112225
12342222220708
12342222226944
12346666665576
12346666667683
12347777770586
23451111110201
23451111110497
23451111112755
23451111113692
23451111115427
23451111116369
23451111116731
23451111118684
23452222220789
23453333330821
23453333335825
23453333337048
23453333338996
23453333339519
23454444440809
23454444440821
23454444442220
23454444443265
23454444443629
23454444445247
23454444446270
23454444448526
23457777771721
23457777772457
23457777774529
23457777774821
23457777775033
23457777775177
23457777775779
23457777776085
23457777776562
23457777776891
23457777778462
23457777779098
23458888880831
23458888884572
23458888885273
23458888887078
23458888889094
23458888889097
23459999991148
23459999992109
23459999997984
23459999998423
34561111110098
34561111110648
34561111118203
34562222220603
34562222226491
34562222227200
34563333339263
34564444441431
34564444441481
34564444442243
34564444445724
34564444446052
34564444448583
34565555554526
34565555558981
34565555559098
34568888880161
34568888881394
34568888885473
34569999991016
34569999991310
45671111110405
45672222220405
45673333330407
45673333339334
45676666660381
45676666661449
45676666661693
45676666662732
45676666664411
45676666664870
45679999990506
56787777772962
56787777776245
0587107942
9793466585
12347777775728
23453333330581
23453333337642
23454444442497
23454444446848
23454444447615
23457777771566
23457777779642
34561111112294
34561111119792
34562222221517
34563333337349
34563333339156
34563333339412
34564444440249
34564444448208
34565555550590
34565555557055
34565555557403
34565555557912
34565555559515
34568888884134
34568888885887
34568888887949
34569999991509
34569999997988
45671111110160
45676666664104
45676666665295
45676666665313
45676666667399
45676666667771
67897777771287
67898888883199
0205226646999
0211945543677
0216027643374
0254080763469
0340730349947
0354674664997
0407961673699
0428860643818
0444432943679
0542424673947
0554060646497
0556106679949
0568262834694
0605018349914
0653601215437
0729399111466
0823141434994
0839551676499
0993601673499
1700141118581
12346666669596
12347777775970
12347777779602
12348888889279
12349999990598
12349999992986
23451111110846
23451111113434
23451111115784
23451111116497
23451111116974
23452222220947
23452222223041
23452222224321
23452222225685
23452222228079
23452222228380
23453333330474
23453333332800
23453333336360
23453333339566
23454444442579
23454444445268
23454444449200
23457777770104
23457777770160
23457777770405
23457777770632
23457777770649
23457777773488
23457777774508
23457777774801
23457777778517
23458888884378
23458888886067
23458888886401
23458888886461
23458888886828
23459999994362
23459999997633
34561111110462
34561111112455
34561111113106
34561111117778
34561111119539
34562222220833
34562222223635
34562222224412
34562222224640
34563333331990
34563333338954
34564444442829
34564444443970
34565555552189
34565555553388
34565555556322
34565555559517
34565555559891
34568888882715
34568888889808
34569999993818
45671111110201
45672222220461
45672222221312
45672222223680
45672222224542
45673333330409
45673333332021
45673333336164
45676666660968
45676666661532
45676666663043
45676666664462
45676666664672
45676666667252
56784444443508
67894444442326
67896666661209
0125519376958
0167410038692
0255009087531
0317068634665
0411220960000
0460242643198
0534630683649
0566793548158
0640803953685
0646388245138
0749481243830
0782505383308
0892664683942
1010966734995
1385864646665
3739553166952
4472575435180
7094065535805
7701115834692
9897943834992
12341111114548
12341111114647
12341111117437
12342222221213
12343333332199
12343333334155
12343333338038
12346666662286
12348888884623
12349999993908
12349999996732
23451111115831
23451111116538
23451111119493
23452222226734
23452222229081
23453333334858
23453333335421
23453333335723
23453333337333
23453333339408
23454444441584
23454444443765
23454444448582
23454444448759
23457777770177
23457777770468
23457777772115
23457777772290
23457777774521
23457777776027
23457777776592
23457777776895
23457777778272
23457777779383
23458888883469
23458888885406
23458888885514
23459999991387
34561111114546
34561111115525
34561111119659
34561111119928
34562222221588
34562222221841
34562222223178
34562222227987
34562222229749
34562222229860
34563333336768
34564444440114
34564444440407
34564444442574
34564444446085
34564444449544
34565555550434
34565555550656
34565555551224
34565555553554
34565555554592
34565555556003
34565555558833
34568888886194
34569999990208
34569999993807
34569999994371
34569999996129
34569999996677
45671111112321
45671111112425
45671111114546
45671111114649
45672222224867
45675555551018
45675555553639
45676666660450
45676666661011
45676666661133
45676666661242
45676666663632
45676666663681
45676666664206
45676666664301
45676666664761
45676666668546
45676666669490
45679999994648
56783333336461