776285354
900343523
943320376
483319337
219544373
549377103
733399055
574041874
875616108
131778929
327171527
460963756
818876311
687154252
504365320
314474597
637914943
621109727
904272213
517108677
304039758
449861456
659887376
631374603
994776037
639163326
383308600
868129256
434502410
388928715
983398835
532445252
501602571
507452409
359848849
802001465
512785487
547988187
394165338
703915865
755798789
298426261
625565507
788870949
771478945
975108391
165775763
607115170
788498817
983558630
208246222
767253990
648023534
493161552
222623395
610411937
678611197
733655310
112857569
627757042
142720319
829508074
504827492
631360333
950089869
726852420
316849160
316390589
640291034
863812803
335839598
143984434
630981634
441089161
436715333
127915382
906364476
785405735
457722585
512140747
813795202
170212166
992030484
207097849
982703135
829479390
892806123
664010099
608980845
430770839
834946661
685695294
958113412
594682037
596664036
478177561
249064564
982392254
484112390
655185636
887985312
561106193
862628889
718005045
625497157
197261064
930241593
365673322
985320349
713316891
125865912
188979067
794333316
973833395
321745845
664029851
947774518
782649218
509534086
181043176
931714187
716662920
511102792
708911194
331983953
544949936
727905731
256163314
518359545
354319992
349443561
329286297
139474390
734354946
564848595
615553157
713713721
921760705
702927150
968512329
151179775
486858426
667131821
157102382
735293403
744721627
619608939
472168900
506887447
401959431
905547241
278084684
520207987
782837168
647405429
981928704
387702362
330058303
345202697
986406345
302541606
867399620
829246665
700187345
219443351
480935991
790277686
583187090
130948267
383669994
451141370
223688119
265622275
208663028
815885300
400127013
172750186
478342642
381998347
618291378
784261854
727721402
545238713
202906685
839434358
793641125
347438177
183874560
953893654
899520407
113080302
287736716
932968969
700886409
260462517
443028327
737686581
296559006
245034538
445164848
635903089
375196728
699493688
802373395
764505063
733930091
339520063
521159403
798829407
765500408
945257964
132334295
754558483
341771313
111730508
828941432
917571578
666742569
717827053
963286940
181546293
749514928
898808630
887260044
192456952
167826290
137860721
662663049
718804829
958293836
248482027
497426800
950924908
805887094
401816459
402039562
118960902
943202190
833069771
434008771
494782704
942337126
924520803
723240494
923475712
810391451
898227322
605037042
304034943
547914784
803783397
734701514
466029217
720119487
744297814
153450816
902429749
908299336
468076345
116347931
856883471
662342706
805554026
139513628
735117574
660384133
998819627
486835723
577421318
542740875
475822332
713254772
197014648
459765756
207465535
423687954
735414596
179226567
715843446
158619823
263411976
271733587
824677340
514691948
364503303
212862867
969560398
603732740
228259274
142362402
595528888
835053045
353957908
963956098
745874035
333891686
208144834
577076481
907599636
474614887
145310352
203290958
437284024
969668592
854948011
741910388
202573409
838095888
626905598
874859425
228179025
265799033
227807377
454255759
205563314
419205698
709972464
991735663
601368295
684588065
141788293
270820698
336618386
132541798
324353409
222543311
606820377
917720922
237958863
906806499
927840043
928960212
590238653
505320802
923858667
193284265
639457707
767551737
166247204
531226380
132977932
933469565
303619754
982581331
502581277
373893992
126973556
793418131
975478064
562102291
867468726
387990743
438584995
462498933
150268960
965330855
747289054
425950479
625954735
668645422
115226350
320184562
482444019
365356936
639139359
299021560
694001548
623165605
347077449
466824138
212007847
409756512
964629644
857805388
977106772
463409592
539190263
690299768
495249293
612902271
479793459
649488486
377354189
539303304
348698414
659201354
583731250
284193439
436218980
192126369
386715269
148375738
993978509
783409523
463511720
980666164
343426402
778488020
631105585
620785790
898450385
326034946
432327959
552106065
811565866
412483026
530897055
369647426
843890352
659075168
462118565
948802007
126981928
221312518
272909962
568248229
610319029
444038783
932902974
628746297
283561960
488768127
713687228
451602250
854568684
852120423
621382344
510184552
274265459
979817804
147918155
910699628
559600720
938509909
790289035
209305688
567603787
893283953
257060255
342669465
874438357
840974348
520845974
135366851
330875676
223864307
722337596
593109317
533146714
472852191
652919176
461650929
699000712
981411604
413770268
346819528
828554667
269486844
141891098
294136709
447052934
715389290
902686986
470414752
116412789
991572262
863504994
694753725
597744773
347975019
378118634
699173773
714571014
699993805
936548374
526724283
939555186
541506834
302967472
171599796
617314514
572303066
990964731
725037356
986752549
159299358
664503545
315163477
444997011
342076969
223626182
980628037
357006416
823302468
959750504
808923156
271332500
809077567
957075489
496195485