1118612
1118613
1118614
1118622
1118629
1118635
1118640
1118717
1118708
1118718
1118723
1118724
1118728
1118735
1118737
1118741
1118744
1118745
1118749
1118754
1118758
1118761
1118795
1118797
1118799
1118805
1118810
1118812
1118813
1118815
1118819
1118820
1118822
1118825
1118826
1118827
1118828
1118832
1118833
1118834
1118836
1118839
1118840
1118910
1118944
1118953
1118963
1118976
1118982
1119140
1119142
1119145
1119148
1119149
1119162
1119167
1119169
1119171
1119178
1119183
1119186
1119193
1119197
1119199
1119200
1119202
1119203
1119204
1119205
1119206
1119208
1119212
1119220
1119223
1119224
1119226
1119229
1119232
1119233
1119234
1119235
1119236
1119237
1119239
1119245
1119247
1119251
1119253
1119255
1119257
1119258
1119259
1119262
1119264
1119265
1119266
1119267
1119268
1119270
1119272
1119274
1119276
1119277
1119306
1119310
1119313
1119316
1119317
1119319
1119321
1119322
1119323
1119325
1119326
1119328
1119331
1119333
1119334
1119335
1119336
1119380
1119382
1119385
1119388
1119390
1119393
1119396
1119406
1119411
1119417
1119421
1119424
1119430
1119439
1119443
1119444
1119448
1119449
1119450
1119451
1119566
1119567
1119568
1119569
1119570
1119585
1119586
1119587
1119588
1119589
1119594
1119595
1119596
1119597
1119598
1119604
1119605
1119606
1119607
1119608
1119611
1119612
1119613
1119614
1119615
1119620
1119621
1119622
1119623
1119624
1119627
1119628
1119629
1119630
1119631
1119633
1119634
1119635
1119636
1119637
1119643
1119645
1119646
1119647
1119648
1119650
1119651
1119652
1119653
1119654
1119657
1119658
1119659
1119660
1119661
1119663
1119664
1119665
1119666
1119667
