466490192
412578178
864703588
888998578
257429152
422743566
795957874
872077767
807233402
202672745
283741017
734262077
398249993
260642207
234721741
223807728
315547858
745829808
430862898
440403049
367328459
620528507
534734701
717521602
522799453
315715340
680892087
809270514
362742515
994243302
493077917
792893654
528457713
598874751
371355255
553818987
984107492
720882677
480944603
536979517
564600634
322341307
378882740
959421703
743831242
259290278
746737957
329389262
270760258
383686005
924178344
572799170
283501559
527227085
303642007
662644771
835358909
556425450
150697863
269256904
784989238
491246589
613470368
932860515
826652801
954815492
911064258
160038372
288072583
524636275
723043464
551442133
647210927
330947604
528580364
246042846
737499676
606342232
953788277
617386163
545956656
388175378
745644846
946380558
582405384
433793444
467477450
167541966
455133648
628232426
626432488
741348351
417666210
744764848
919913264
799974753
364001093
471625199
292311119
836076033
490109747
921195481
192139836
798902097
163286551
724216931
924022637
306648688
225828775
614545458
410989072
111898062
783312700
240697716
909100789
968288627
379294431
910052516
470765959
418948603
670937130
746745832
679664322
538513299
627184993
769471783
378989836
755163592
539332737
115019344
563502179
890408377
763180449
714104089
526886055
926728836
213525497
834561415
193589767
635599065
538861624
154362856
540878233
293014823
950162032
190980380
243397233
165392066
529186193
772129794
815775130
154425463
165534241
896987717
366462168
389671373
401013651
139926795
274791552
430014669
394778267
246211033
774254341
635353636
963151644
872043269
123763937
197787303
305164039
529864811
886360350
499541811
598617953
380535378
478033161
337267996
697503237
122529510
264793626
896960383
902034831
309013906
962688829
513921154
874148169
421066359
155346671
652367004
122850265
272692973
609091814
745005167
974275570
931806848
625568617
321967721
348413712
310949688
592813884
230889255