845371221
597061205
461677394
532766879
985935647
731506760
150855007
885792353
463139193
848123808
273059424
721543458
486860555
850790379
130628164
484656093
860193289
934304254
742055933
190950716
535897132
915970893
801307288
717657468
899504160
324723011
792996803
925459650
404215602
789791630
300465067
514184169
930120475
414176702
138396340
726640469
348774756
544728447
564019722
700006416
910464132
438323925
359998620
421276210
568869092
994630527
148952453
983738143
438580891
758065765
449729635
498567240
244978565
451458885
719056543
922736129
428929470
391593475
161250363
554898835
510615240
918927927
211079382
135798257
175292719
783686732
745027798
924643537
318972560
712633788
143062648
363355130
650505218
468512040
862062593
764360172
166182539
496252303
526686620
642516374
227024860
171060714
804745594
413305507
410764537
167834807
512090349
197666026
335710069
781253833
819982220
964286861
706626413
696895984
893640420
758412370
580163067
856964363
885279073
423327432
178090409
346321579
382898007
238920293
379556444
534428537
621820532
281061340
854305052
713123711
888367456
157098232
435081667
280074342
917452034
985441684
213737167
910960702
819387913
505445180
204047221
917794954
165820074
583122371
689438723
217337685
987084218
452030142
232321022
921250353
472363323
352430995
208005061
397293811
786405082
361187356
640255827
516335962
288960401
139737751
946252313
915381679
787720813
845732597
612792363
138957388
827928806
999915152
822975101
914410892
533119308
118062089
411100749
571027770
494958306
963805047
909812356
728317231
999205963
907494744
534233095
744271080
691673206
200054265
834137763
363184946
965990795
211219061
881481184
979192619
338518021
949790858
691336262
602672207
753668525
257316868
321689543
982133160
246438685
279279965
650493912
171867725
344652258
169447156
853551559
812212495
465831501
584587075
326418292
393605895
463778060
933884530
318694228
807745683
630121143
782276449
213127896
549046506
300707723
491829065