498676956
185338975
861828121
442911196
237533971
561622678
979190451
854326700
489006995
843352112
781744006
591151254
673668772
432864489
828888406
257511903
758787836
897165217
893863433
312077149
965695763
712860699
487819645
771922167
959390663
392856989
122486624
389698737
728628888
764056704
194658099
650332690
346346179
716319429
634905232
553228976
262864597
694931006
144588866
610525766
790400305
955407413
721971203
187345180
299178544
479647991
913084763
999345603
809214398
451507089
694500415
853442683
289239329
840605831
831738188
201644748
350454882
200368016
144834379
155056869
178565050
478809692
651686578
998336815
614379306
881063838
918305266
554781883
387896150
757516759
886941130
645454705
299839522
680892087
231884830
533785989
473430054
183683228
829566644
149785946
935251143
436927399
940390744
507723217
949358144
782786806
551441330
231674215
340035573
156958050
759429308
654570307
291988596
542083921
340304780
224760219
783886583
639373340
783148204
436536525