0782711867
0678666666866
1010108022701
01238888888538
01238888888621
01238888888645
01238888888658
01238888888764
01239999999056
01239999999259
01239999999520
3910189475139
6903666666866
12346666667809
12347777776407
12348888887549
23457777772392
23458888883743
23459999995698
23459999996453
34562222226866
34563333335889
34563333336985
34563333339636
34568888887558
34568888887569
34569999994710
45671111112548
45671111112668
45671111112684
45671111112699
45672222224884
45672222226812
45672222228404
45672222228405
45672222228406
45672222229069
45673333332158
45673333334573
45673333336937
45673333338946
56783333337812
56784444442169
67892222224738
0001754991633
0030666666866
0080227012002
01238888888267
01238888888467
01238888888581
01238888888976
4153666666866
12346666663595
23453333332924
23457777775543
34561111118039
34562222222831
56782222221813
67893333338011
67895555553254
99908022002
01238888888599
01238888888682
01238888888944
01239999999358
01239999999361
01239999999860
12346666665801
12346666667559
12347777775860
12348888885723
23451111112096
23451111117180
23457777779801
23458888881496
34562222223589
34563333332569
34563333335896
34563333339669
34565555558569
34568888881930
34568888887589
34568888887599
45672222221930
45672222223466
45672222223499
45672222223646
45672222224697
45672222226949
45672222228407
45672222228409
45672222228410
45672222229803
45673333332680
45673333338794
45677777776637
56782222224868
56782222225200
67892222226128
67894444443160
9903112018
01238888888567
01238888888577
01238888888951
01239999999725
01239999999803
01239999999816
8770103052002
12346666667084
12346666667102
12346666669775
23451111112618
23457777778368
23458888882679
23459999998080
34563333332690
34563333337869
34563333339658
34568888885899
34568888887560
34568888887998
34569999998189
45672222221254
45672222226909
45672222228414
45672222228416
45672222228417
45673333334587
45673333336199
45673333336797
45673333338466
45674444443431
45679999995842
56782222221568
56783333336458
56784444446724
67894444444623
67894444449012
67899999992455
99927012002
0200141107282
01238888888584
01239999999574
01239999999703
12343333332413
12343333337247
12346666667558
12346666669887
12349999990807
23457777771844
23457777778643
23459999996370
34563333335321
34563333335880
34563333336689
34568888883852
34568888886968
34568888887699
34568888887885
45671111117839
45672222225899
45672222228411
45672222228412
45672222228413
45673333335289
45673333338694
45679999991636
56781111113579
56781111116792
56782222223466
56782222223649
56782222224513
56782222224691
56782222226509
56788888886821
67893333336833
67895555551290
0769077404
12346666667834
12346666667954
12347777773659
12347777778271
12348888886183
12348888886398
23459999997854
34562222222903
34562222228910
34563333335589
34563333336588
34563333336809
34568888882718
34568888883669
34568888886976
34568888886979
45672222221744
45672222221755
45672222221786
45672222221836
45672222224887
45672222225878
45672222226769
45672222226799
45673333335899
45673333339799
56781111115808
56782222222149
67897777778225
0934094854
01235555554588
01239999999158
01239999999368
01239999999785
12346666667798
12346666667894
12348888885699
12348888889655
23451111116740
23459999998871
34562222225339
34563333333906
34563333334299
34563333336499
34563333339369
34563333339676
34568888881336
34568888886391
34568888887964
45671111116143
45672222223119
45672222223167
45672222225488
45672222226199
45672222228400
45672222228401
45672222228403
45673333334699
45673333335489
45674444449272
56781111111869
56781111113195
67894444447318
0833044303
0023366666866
0613266666866
0727166666866
0798765788988
0898765788988
1098765788988
01238888888632
01238888888697
01238888888760
01238888888789
01239999999257
01239999999289
01239999999350
01239999999436
01239999999467
01239999999683
01239999999853
1698765788988
1998765788988
2243688888688
3298765788988
4298765788988
4398765788988
4552288888688
5198765788988
6267088888688
6744966666866
7498765788988
7997988888688
9194766666866
9429366666866
12346666667376
12346666667858
12347777775619
12348888885637
12348888886358
23452222228493
23458888889102
34562222225588
34563333332456
34563333337639
34563333338688
34568888886986
34568888886988
34569999992183
45672222221669
45672222226958
45672222226987
45672222226988
45672222228921
45673333336499
45673333336679
45674444441258
45674444441587
45674444441589
45674444441699
45679999991339
45679999996497
56781111117183
56784444446963
56784444449017
67897777774728
0375297017
0226166666866
0998765788988
01233333333054
01238888888631
01238888888693
01238888888734
01239999999169
01239999999457
01239999999583
01239999999628
01239999999675
01239999999752
01239999999754
01239999999757
1632366666866
2847266666866
4098765788988
4430366666866
4443966666866
4526666666866
4987657788988
5079566666866
5300188501825
5860466666866
5898765788988
5998765788988
6198765788988
6269166666866
6324866666866
6387066666866
8565366666866
8817466666866
8855466666866
8898765788988
9498765788988
12346666667855
12347777771509
12347777775469
12348888884677
12348888885796
12349999993480
23457777771823
23457777779103
34562222225488
34563333336490
34563333338566
34568888885721
34568888887452
34568888887533
45672222225096
45672222226867
45672222227946
45672222228408
45673333332679
45673333332949
45673333334678
45673333337664
45674444443616
45674444443646
45674444443676
45674444446111
45679999991052
45679999996736
56784444447387
56786666663250
67893333338193
67894444441582
67894444445020
0946280708
0936666666866
01238888888741
01238888888742
4706666666789
23457777777260
23459999990183
34568888881923
34561111111374
34568888882319
56785555556651
67893333331892
56781111113565
01238888888999
12347777775621
12348888881185
12348888881836
34568888883743
45672222222738
45672222227482
56783333338007
67894444444763
12348888881836
34568888883743
45672222222738
0946574655
0845482082
01238888888526
01238888888754
23459999998991
34562222228931
34563333339973
34569999999098
45672222227179
67895555555839
67891111114631
0842709798
12348888881821
23459999994510
45673333339033
56784444443006
23032005333
0843230305333
01238888888444
01238888888883
23459999996718
56787777778486
0848142433
01238888888423
01238888888425
12344444441516
12348888887932
23458888887317
45673333333569
45671111113749
56784444443681
56787777775761
67893333337851
01238888888666
12347777771542
12348888887421
23452222224239
23457777777163
45674444446558
56782222222675
67896666662954