871839091
892001031
501164279
966103845
165600448
738183819
747396456
809736430
954300234
425377978
565047811
946128911
342981865
891005636
358528181
839148381
474165766
493530560
903247907
263429788
738192030
330350711
198243741
388030853
688190691
886924926
489794703
782081339
266287806
537173139
642443167
123886425
578990063
230388462
579423567
407333675
784539737
458008635
479975346
688871880
679526983
686333926
272031396
360354402
254166683
516928880
117264904
827263955
835037384
413908769
257993674
357293473
131773467
438193883
939103010
696201167
436535772
356519238
229590522
860016550
673913039
938402009
835887224
892672169
440437680
650230112
128646655
620394742
270961927
971231214
294539994
233587070
191233347
934691563
768648759
690016321
139326701
625968806
616750285
924762163
446339965
494285315
635457162
193482507
118009481
424787253
807646731
575162992
818203624
190841538
748193849
948194819
666381743
911947410
381738193
596218698
381937183
381391837
819370183
830371839
373637979
601399747
154351224
236499340
176708732
474837610
982659264
399217503
687284385
997351535
727592747
710687045
201957413
797096125
576125430
469681310
154222938
832015983
353739732
835179242
701722131
782743272
207728322
991322672
281568748
608517775
721300290
856193834
343085137
345699447
644954051
526580764
536841983
346696404
543487737
968857378
312704527
486370529
634450730
439751059
658155311
542344984
792821335
938954281
760168992
334083312
696385974
614654962
892554297
362547519
924511914
985929689
746212971
278271013
950753229
479993012
541041881
186318698
791607556
211496911
503194580
599151625
936641160
526743178
851382136
334050628
911063207
678898482
781202310
939000103
801675724
686524445
805543703
149592206
466616769
856608621
485600469
201893269
153722500
748193839
672738540
715243452
869791353
369399547
944338487
351309602
807537919
636806288
926600486
738133818
994597063
443618296
321894015
331603228
869279297
548286313
822488712
792993212
832426229
826970112