12348888889655
23451111116740
23459999998871
34562222225339
34563333333906
34563333334299
34563333336499
34563333339369
34563333339676
34568888881336
34568888886391
34568888887964
45671111116143
45672222223119
45672222223167
45672222225488
45672222226199
45673333334699
45673333335489
45674444449272
56781111111869
56781111113195
67894444447318
0833044303
0023366666866
0613266666866
0727166666866
0798765788988
0898765788988
1098765788988
01238888888632
01238888888697
01238888888760
01238888888789
01239999999257
01239999999289
01239999999350
01239999999436
01239999999467
01239999999683
01239999999853
1698765788988
1998765788988
2243688888688
3298765788988
4298765788988
4398765788988
4552288888688
5198765788988
6267088888688
6744966666866
7498765788988
7997988888688
9194766666866
9429366666866
12346666667376
12346666667858
12347777775619
12348888885637
12348888886358
23452222228493
23458888889102
34562222225588
34563333332456
34563333337639
34563333338688
34568888886986
34568888886988
34569999992183
45672222221669
45672222228921
45673333336499
45673333336679
45674444441258
45674444441587
45674444441589
45674444441699
45679999991339
45679999996497
56781111117183
56784444446963
56784444449017
67897777774728
0375297017
0226166666866
0998765788988
01233333333054
01238888888631
01238888888693
01238888888734
01239999999169
01239999999457
01239999999583
01239999999628
01239999999675
01239999999752
01239999999754
01239999999757
1632366666866
2847266666866
4098765788988
4430366666866
4443966666866
4526666666866
4987657788988
5079566666866
5300188501825
5860466666866
5898765788988
5998765788988
6198765788988
6269166666866
6324866666866
6387066666866
8565366666866
8817466666866
8855466666866
8898765788988
9498765788988
12346666667855
12347777771509
12347777775469
12348888884677
12348888885796
12349999993480
23457777771823
23457777779103
34562222225488
34563333336490
34563333338566
34568888885721
34568888887452
34568888887533
45672222225096
45673333332679
45673333332949
45673333334678
45673333337664
45674444443616
45674444443646
45674444443676
45674444446111
45679999991052
45679999996736
56784444447387
56786666663250
67893333338193
67894444441582
67894444445020