323423487
213787407
296453928
622725744
738824740
670170269
804024150
255567841
608681225
971004442
332618993
644323726
197735906
334713360
266374203
134838312
375916516
681836084
789215830
578114421
469259734
546024777
575504091
556519869
707074136
816773084
782112937
668804658
253016536
399474927
479509601
444173530
234526717
269847457
207804535
686390486
956510726
376141640
553159075
772632218
777973893
260722363
933460113
917253557
827003955
525100037
878529173
910901889
830045461
901892970
751350449
766862643
517050234
260336954
396438004
462792001
945290779
111280590
663634851
881199510
943545345
933419301
342552006
233027805
990944569
927096636
198554608
747780299
512974615
185328862
328592377
560373691
414206282
818146497
594760558
672470250
555451920
456764298
752343378
805824731
205215197
608681994
785613810
124805232
218092427
242129741
522658514
172001781
597869022
334504150
367636820
211020248
703105948
303223108
624742714
647192250
372760668
657180478
555793730
822902370
916274130
491862305
199168716
415931226
833287808
934421204
424574236
719311432
295052685
738473373
370323106
602407474
229465464
497374807
463770096
737711264
342385886
667815569
218881326
512822190
697497471
472796042
964877549
781049626
623060823
615479640
618513192
378714499
901698781
554239075
335106319
535332977
596537950
318811389
879817718
719264938
672775962
367817649
278237608
682109757
149840956
883442808
909693187
908968284
555066809
703644674
154653184
366900362
908365831
542481201
541450074
191618728
972762575
348799724
537256200
378278068
500129775
687142107
757588136
234661111
909346315
839936029
757156741
913431434
363364627
114776996
138556717
269784993
456098446
255269232
686895598
803134808
682551273
480676805
973269164
962134277
199482927
364455596
291291426
168325167
255685469
540368150
405708200
511967644
757219096
559238305
423954304
378749090
142122918
355680748
902958000
338362065
834110046
669037141
936056694
220030228
630641391
848773605
519909747
522682255