776285354
900343523
943320376
483319337
219544373
549377103
733399055
574041874
244006275
131778929
327171527
558846383
493757310
687154252
957248571
314474597
637914943
621109727
227494865
517108677
248601552
449861456
659887376
631374603
994776037
639163326
383308600
710910466
434502410
388928715
983398835
532445252
501602571
507452409
359848849
802001465
512785487
547988187
394165338
703915865
755798789
298426261
711783393
788870949
771478945
975108391
165775763
439075875
788498817
983558630
208246222
767253990
648023534
620154457
222623395
610411937
678611197
583072736
475424012
627757042
142720319
948175277
504827492
631360333
953796111
259241256
534604255
316390589
138664453
863812803
335839598
143984434
630981634
734264052
764995690
443186169
329577388
785405735
457722585
806202919
175841774
166082737
992030484
553478195
185729860
829479390
251969980
664010099
803381900
430770839
834946661
990819823
958113412
594682037
596664036
478177561
249064564
283884526
484112390
134726623
887985312
367734122
862628889
718005045
625497157
197261064
930241593
536373402
985320349
321565093
980116950
188979067
794333316
973833395
321745845
664029851
633469226
281657286
509534086
181043176
931714187
716662920
886565736
708911194
331983953
544949936
836890421
256163314
518359545
354319992
349443561
329286297
139474390
603200661
511464896
615553157
713713721
921760705
702927150
968512329
347199887
486858426
667131821
157102382
735293403
744721627
619608939
472168900
141430488
401959431
905547241
278084684
520207987
391095997
647405429
285541576
593777828
330058303
163574558
986406345
302541606
867399620
508517962
700187345
219443351
480935991
634290212
583187090
130948267
383669994
451141370
223688119
494633101
208663028
331393155
400127013
172750186
790938809
381998347
618291378
784261854
727721402
312471617
202906685
839434358
793641125
347438177
183874560
953893654
899520407
113080302
287736716
932968969
700886409
490130935
443028327
594406276
296559006
183874965
445164848
635903089
375196728
213876819
802373395
764505063
335218868
339520063
521159403
798829407
765500408
945257964
132334295
754558483
341771313
111730508
828941432
917571578
666742569
717827053
963286940
375227383
749514928
898808630
887260044
192456952
126251280
137860721
662663049
718804829
958293836
248482027
516360872
950924908
805887094
401816459
402039562
118960902
943202190
833069771
434008771
603609375
942337126
924520803
723240494
923475712
810391451
898227322
605037042
304034943
547914784
803783397
734701514
250099640
720119487
744297814
153450816
902429749
908299336
596323293
116347931
856883471
662342706
805554026
139513628
735117574
660384133
998819627
486835723
606818240
542740875
475822332
713254772
197014648
459765756
207465535
0
0
0
0
0
0
0
0
0
0
0
0
0
0
0
0
0
0
0
0
0
0
0
0
0
0
0
0
0
0
0
0
0
0
0
0
0
0
0
0
0
0
0
0
0
0
0
0
0
0
0
0
0
0
0
0
0
0
0
0
0
0
0
0
0
0
0
0
0
0
0
0
0
0
0
0
0
0
0
0
0
0
0
0
0
0
0
0
0
0
0
0
0
0
0
0
0
0
0
0
0
0
0
0
0
0
0
0
0
0
0
0
0
0
0
0
0
0
0
0
0
0
0
0
0
0
0
0
0
0
0
0
0
0
0
0
0
0
0
0
0
0
0
0
0
0
0
0
0
0
0
0
0
0
0
0
0
0
0
0
0
0
0
0
0
0
0
0
0
0
0
0
0
0
0
0
0
0
0
0
0
0
0
0
0
0
0
0
0
0
0
0
0
0
0
0
0
0
0
0
0
0
0
0
0
0
0
0
0
0
0
0
0
0
0
0
0
0
0
0
0
0
0
0
0